0.050 0.000 0.065 0.152 0.000 0.000 1.000 1.000 0.953 0.054 0.000 0.953 1.000 0.809 0.000 0.000 0.899 1.000 0.909 0.000 0.147 0.000 0.007 0.000 0.000 0; 
0.011 0.000 0.038 0.000 0.000 0.000 1.000 0.999 0.894 0.082 0.000 1.000 0.804 0.867 0.020 0.074 1.000 0.988 0.970 0.000 0.000 0.000 0.106 0.034 0.000 0; 
0.032 0.000 0.000 0.061 0.103 0.093 0.916 0.969 1.000 0.098 0.000 0.981 0.889 0.880 0.081 0.136 0.993 1.000 1.000 0.000 0.036 0.154 0.000 0.156 0.000 0; 
0.082 0.009 0.000 0.009 0.000 0.000 1.000 1.000 0.948 0.000 0.000 1.000 1.000 0.947 0.051 0.010 1.000 0.930 0.967 0.000 0.000 0.030 0.026 0.001 0.000 0; 
0.000 0.000 0.000 0.000 0.000 0.040 1.000 1.000 1.000 0.000 0.000 0.997 1.000 1.000 0.000 0.030 0.997 0.883 1.000 0.075 0.079 0.000 0.140 0.000 0.059 0; 
0.219 0.000 0.000 0.010 0.000 0.000 1.000 0.894 1.000 0.000 0.155 0.922 0.968 1.000 0.000 0.023 1.000 0.839 1.000 0.026 0.078 0.000 0.000 0.052 0.030 0; 
0.025 0.035 0.000 0.023 0.029 0.000 1.000 1.000 0.881 0.066 0.000 1.000 1.000 0.918 0.096 0.041 1.000 1.000 0.975 0.000 0.000 0.000 0.000 0.034 0.028 0; 
0.083 0.001 0.145 0.000 0.272 0.063 0.914 0.893 1.000 0.000 0.071 1.000 0.993 0.915 0.000 0.000 1.000 1.000 0.875 0.017 0.039 0.000 0.015 0.006 0.000 0; 
0.036 0.056 0.108 0.105 0.000 0.000 1.000 1.000 1.000 0.385 0.057 1.000 1.000 1.000 0.000 0.076 0.923 0.976 0.951 0.008 0.231 0.000 0.069 0.000 0.000 0; 
0.109 0.006 0.000 0.000 0.068 0.000 1.000 1.000 0.935 0.214 0.063 0.797 1.000 0.934 0.085 0.000 0.989 1.000 1.000 0.000 0.000 0.000 0.000 0.177 0.040 0; 
1.000 0.148 0.086 0.000 0.000 0.000 0.998 0.000 0.032 0.000 0.052 0.153 0.989 0.040 0.069 0.000 0.022 0.001 1.000 0.000 0.002 0.050 0.145 0.096 1.000 1; 
0.923 0.087 0.018 0.219 0.000 0.000 0.940 0.000 0.000 0.000 0.015 0.034 1.000 0.095 0.000 0.000 0.049 0.000 1.000 0.118 0.000 0.000 0.135 0.000 1.000 1; 
0.841 0.000 0.001 0.005 0.000 0.062 0.893 0.000 0.012 0.051 0.071 0.000 0.847 0.128 0.033 0.000 0.155 0.012 1.000 0.007 0.206 0.176 0.000 0.097 1.000 1; 
1.000 0.000 0.069 0.106 0.000 0.000 0.796 0.000 0.072 0.150 0.007 0.163 0.862 0.000 0.000 0.038 0.000 0.000 0.991 0.000 0.067 0.037 0.000 0.000 0.894 1; 
0.994 0.096 0.000 0.050 0.000 0.000 0.989 0.000 0.000 0.000 0.196 0.004 0.930 0.021 0.000 0.000 0.061 0.076 0.947 0.000 0.000 0.000 0.000 0.137 1.000 1; 
0.975 0.058 0.031 0.308 0.112 0.000 0.904 0.000 0.020 0.000 0.000 0.000 0.892 0.169 0.088 0.000 0.148 0.008 0.914 0.152 0.054 0.000 0.000 0.000 0.862 1; 
1.000 0.191 0.000 0.056 0.000 0.000 0.941 0.000 0.005 0.000 0.027 0.000 0.976 0.000 0.000 0.076 0.050 0.000 1.000 0.075 0.000 0.054 0.000 0.057 0.924 1; 
0.820 0.000 0.005 0.026 0.000 0.064 0.834 0.000 0.000 0.000 0.005 0.000 0.962 0.101 0.000 0.084 0.000 0.053 1.000 0.000 0.000 0.058 0.000 0.037 0.940 1; 
1.000 0.000 0.117 0.025 0.034 0.000 0.951 0.000 0.039 0.000 0.029 0.208 1.000 0.000 0.120 0.000 0.000 0.000 0.813 0.000 0.002 0.168 0.033 0.000 1.000 1; 
0.779 0.024 0.077 0.000 0.114 0.034 0.958 0.063 0.227 0.018 0.025 0.000 0.915 0.083 0.000 0.007 0.000 0.048 1.000 0.104 0.000 0.000 0.000 0.000 1.000 1; 
0.000 0.105 0.930 0.000 0.000 0.061 0.000 1.000 0.000 0.170 1.000 0.990 0.946 1.000 0.996 0.110 0.011 1.000 0.000 0.000 0.031 0.000 0.865 0.074 0.017 2; 
0.000 0.002 1.000 0.000 0.000 0.020 0.000 1.000 0.000 0.103 1.000 1.000 1.000 1.000 1.000 0.000 0.000 0.938 0.003 0.052 0.000 0.019 0.924 0.000 0.000 2; 
0.000 0.000 0.902 0.105 0.000 0.263 0.049 1.000 0.000 0.070 0.942 1.000 1.000 0.990 1.000 0.000 0.000 1.000 0.000 0.181 0.071 0.000 1.000 0.097 0.062 2; 
0.000 0.000 0.975 0.000 0.062 0.018 0.000 1.000 0.061 0.056 1.000 1.000 1.000 0.993 0.834 0.043 0.021 1.000 0.000 0.000 0.105 0.000 1.000 0.003 0.003 2; 
0.094 0.000 1.000 0.000 0.000 0.000 0.022 0.952 0.126 0.000 0.981 0.956 1.000 1.000 1.000 0.000 0.027 1.000 0.008 0.107 0.000 0.141 1.000 0.000 0.000 2; 
0.145 0.158 0.948 0.000 0.000 0.000 0.000 0.900 0.000 0.000 1.000 1.000 0.900 1.000 0.979 0.000 0.067 0.888 0.038 0.017 0.049 0.029 1.000 0.000 0.000 2; 
0.000 0.000 0.936 0.119 0.142 0.000 0.000 1.000 0.000 0.063 1.000 0.848 1.000 1.000 0.939 0.000 0.029 1.000 0.066 0.201 0.000 0.000 0.862 0.000 0.000 2; 
0.179 0.000 1.000 0.000 0.119 0.253 0.000 0.951 0.104 0.068 1.000 1.000 0.964 1.000 1.000 0.082 0.051 1.000 0.117 0.138 0.065 0.000 1.000 0.121 0.000 2; 
0.037 0.000 1.000 0.128 0.019 0.005 0.000 1.000 0.065 0.216 0.969 1.000 1.000 1.000 0.990 0.028 0.061 1.000 0.000 0.019 0.107 0.000 1.000 0.000 0.120 2; 
0.000 0.000 1.000 0.157 0.000 0.000 0.188 0.855 0.000 0.044 0.950 0.898 1.000 1.000 0.944 0.000 0.087 1.000 0.000 0.185 0.000 0.000 0.931 0.000 0.024 2; 
0.937 1.000 1.000 1.000 0.945 0.933 0.000 0.117 0.054 0.963 1.000 0.000 0.115 0.000 0.964 0.888 0.000 0.116 0.000 1.000 0.995 1.000 1.000 0.872 1.000 3; 
0.951 0.844 0.957 1.000 1.000 0.965 0.000 0.000 0.208 1.000 1.000 0.103 0.024 0.000 0.980 0.993 0.000 0.073 0.005 1.000 0.992 1.000 0.800 1.000 1.000 3; 
1.000 0.710 1.000 0.986 1.000 0.896 0.061 0.000 0.000 1.000 0.981 0.022 0.087 0.050 1.000 1.000 0.240 0.000 0.020 1.000 1.000 1.000 1.000 0.886 1.000 3; 
0.885 1.000 0.925 0.994 1.000 1.000 0.042 0.161 0.045 0.976 1.000 0.119 0.000 0.060 1.000 0.970 0.138 0.000 0.013 0.983 1.000 0.890 0.856 1.000 0.915 3; 
0.901 0.785 0.936 0.868 1.000 1.000 0.000 0.225 0.098 0.968 0.750 0.229 0.000 0.000 1.000 1.000 0.138 0.056 0.059 1.000 1.000 1.000 1.000 0.994 0.925 3; 
0.972 0.831 0.990 0.901 0.890 1.000 0.139 0.092 0.000 0.901 1.000 0.000 0.000 0.055 0.903 1.000 0.000 0.000 0.032 0.841 1.000 0.998 1.000 1.000 1.000 3; 
1.000 0.957 1.000 1.000 1.000 1.000 0.000 0.000 0.000 1.000 0.876 0.000 0.000 0.089 0.971 1.000 0.000 0.028 0.000 1.000 0.881 1.000 1.000 1.000 0.981 3; 
0.987 1.000 0.985 1.000 1.000 0.944 0.000 0.000 0.258 0.920 1.000 0.168 0.000 0.057 1.000 0.962 0.000 0.000 0.000 0.935 0.878 1.000 0.923 1.000 0.844 3; 
1.000 1.000 0.801 1.000 1.000 0.879 0.167 0.042 0.000 0.994 1.000 0.008 0.054 0.000 1.000 0.859 0.000 0.000 0.000 1.000 1.000 1.000 0.891 0.968 1.000 3; 
1.000 1.000 1.000 1.000 0.969 1.000 0.000 0.071 0.096 0.921 0.867 0.000 0.051 0.000 0.785 1.000 0.249 0.000 0.084 1.000 0.990 1.000 0.971 1.000 1.000 3; 
0.895 0.054 0.119 0.072 1.000 0.000 0.858 0.150 0.968 0.000 0.133 0.056 1.000 0.217 0.000 0.093 1.000 0.027 1.000 0.051 1.000 0.107 0.000 0.000 0.896 4; 
0.803 0.206 0.000 0.000 0.972 0.031 1.000 0.086 0.942 0.000 0.028 0.000 1.000 0.049 0.073 0.066 1.000 0.018 0.870 0.040 0.935 0.000 0.059 0.124 1.000 4; 
1.000 0.170 0.024 0.260 1.000 0.000 1.000 0.038 1.000 0.067 0.000 0.000 0.979 0.000 0.000 0.059 1.000 0.039 0.880 0.044 1.000 0.000 0.000 0.001 0.922 4; 
1.000 0.000 0.042 0.000 0.956 0.072 0.963 0.173 0.960 0.022 0.093 0.000 0.824 0.000 0.126 0.000 1.000 0.000 1.000 0.154 1.000 0.206 0.121 0.102 1.000 4; 
1.000 0.000 0.000 0.000 0.983 0.000 1.000 0.096 1.000 0.148 0.000 0.000 0.928 0.000 0.000 0.000 1.000 0.063 0.898 0.185 1.000 0.058 0.000 0.000 0.963 4; 
1.000 0.188 0.154 0.000 0.888 0.014 0.823 0.032 0.985 0.000 0.000 0.051 0.947 0.000 0.000 0.000 1.000 0.166 0.954 0.000 1.000 0.000 0.030 0.077 1.000 4; 
0.990 0.000 0.000 0.000 0.977 0.037 1.000 0.000 1.000 0.000 0.000 0.000 0.758 0.088 0.074 0.000 1.000 0.052 0.844 0.000 1.000 0.000 0.029 0.000 1.000 4; 
0.996 0.000 0.116 0.000 0.919 0.020 1.000 0.000 1.000 0.043 0.069 0.018 0.963 0.000 0.009 0.000 0.708 0.044 1.000 0.000 0.899 0.062 0.206 0.002 0.927 4; 
0.982 0.137 0.000 0.000 0.952 0.000 1.000 0.162 1.000 0.000 0.000 0.000 1.000 0.000 0.000 0.319 1.000 0.000 0.957 0.115 1.000 0.000 0.092 0.000 1.000 4; 
1.000 0.000 0.128 0.007 1.000 0.048 0.915 0.000 1.000 0.000 0.000 0.000 1.000 0.206 0.000 0.002 1.000 0.000 1.000 0.000 1.000 0.000 0.099 0.119 1.000 4; 
